[gd_scene load_steps=42 format=2]

[ext_resource path="res://scenes/Player.tscn" type="PackedScene" id=1]
[ext_resource path="res://scenes/Flux_Level.tscn" type="PackedScene" id=2]
[ext_resource path="res://assets/Models/Static/Props/flux_plant_pot/flux_plant_pot.dae" type="PackedScene" id=3]
[ext_resource path="res://components/TestBlock.tscn" type="PackedScene" id=4]
[ext_resource path="res://components/Lamp.tscn" type="PackedScene" id=5]
[ext_resource path="res://components/UI/HUD.tscn" type="PackedScene" id=6]
[ext_resource path="res://assets/Models/Static/Props/flux_0_booth/flux_0_booth.dae" type="PackedScene" id=7]
[ext_resource path="res://assets/Models/Static/Props/flux_0_tree/flux_0_tree.dae" type="PackedScene" id=8]
[ext_resource path="res://scenes/lights/cylinder_lamp.tscn" type="PackedScene" id=9]
[ext_resource path="res://assets/Models/Static/Props/flux_0_lounge_chair_block_type/flux_0_lounge_chair_block_type.dae" type="PackedScene" id=10]
[ext_resource path="res://assets/Models/Static/Props/flux_lounge_chair/flux_lounge_chair_blue.dae" type="PackedScene" id=11]
[ext_resource path="res://assets/Models/Static/Props/flux_lounge_chair/flux_lounge_chair.dae" type="PackedScene" id=12]
[ext_resource path="res://assets/Models/Static/Props/card_reader_wall_mount/card_reader_wall_mount.dae" type="PackedScene" id=13]
[ext_resource path="res://assets/Models/Static/Props/flux_0_couches/flux_0_couches.dae" type="PackedScene" id=14]
[ext_resource path="res://assets/Models/Static/Props/poof/poof.dae" type="PackedScene" id=15]
[ext_resource path="res://assets/Models/Static/Props/poof/poof_blue.dae" type="PackedScene" id=16]
[ext_resource path="res://assets/Models/Static/Props/flux_square_table/flux_square_table.dae" type="PackedScene" id=17]
[ext_resource path="res://assets/Models/Static/Props/flux_bin/flux_bin.dae" type="PackedScene" id=18]
[ext_resource path="res://assets/Models/Static/Props/flux_0_stairs/flux_0_stairs.dae" type="PackedScene" id=19]
[ext_resource path="res://assets/Models/Static/Level/group1collider.dae" type="PackedScene" id=20]
[ext_resource path="res://assets/Models/Static/Level/group0collider.dae" type="PackedScene" id=21]
[ext_resource path="res://scenes/lights/orbs/orb_hint.tscn" type="PackedScene" id=22]
[ext_resource path="res://scenes/lights/fairylights_a/fairylights_a_arch_small.tscn" type="PackedScene" id=23]
[ext_resource path="res://scenes/lights/fairylights_a/fairylights_a_hills.tscn" type="PackedScene" id=24]
[ext_resource path="res://scenes/lights/fairylights_a/fairylights_a_single_long.tscn" type="PackedScene" id=25]
[ext_resource path="res://scenes/lights/fairylights_a/fairylights_a_arch_half.tscn" type="PackedScene" id=26]
[ext_resource path="res://scenes/lights/fairylights_b/fairylights_b_1.tscn" type="PackedScene" id=27]
[ext_resource path="res://scenes/lights/fairylights_a/fairylights_a_single_medium.tscn" type="PackedScene" id=28]
[ext_resource path="res://scenes/lights/fairylights_b/fairylights_b_2.tscn" type="PackedScene" id=29]
[ext_resource path="res://scenes/lights/fairylights_a/fairylights_a_arch_big.tscn" type="PackedScene" id=30]
[ext_resource path="res://scenes/lights/fairylights_a/fairylights_a_single_small.tscn" type="PackedScene" id=31]
[ext_resource path="res://scenes/lights/fairylights_b/fairylights_b_3.tscn" type="PackedScene" id=32]
[ext_resource path="res://assets/Audio/sfx/circuit_editor_simulation_running.wav" type="AudioStream" id=33]
[ext_resource path="res://scenes/lights/orbs/animated_orb_1.tscn" type="PackedScene" id=34]
[ext_resource path="res://scenes/lights/orbs/animated_orb_3.tscn" type="PackedScene" id=35]
[ext_resource path="res://scenes/lights/orbs/animated_orb_2.tscn" type="PackedScene" id=36]
[ext_resource path="res://assets/Audio/ambience/whisper.wav" type="AudioStream" id=37]
[ext_resource path="res://assets/Audio/ambience/chatting.wav" type="AudioStream" id=38]
[ext_resource path="res://assets/Audio/ambience/hall.wav" type="AudioStream" id=39]
[ext_resource path="res://assets/Models/Static/Props/flux_glass_railing/flux-glass-railing.dae" type="PackedScene" id=40]
[ext_resource path="res://scenes/worktable.tscn" type="PackedScene" id=41]

[node name="Overworld" type="Node"]

[node name="Flux_Level" parent="." instance=ExtResource( 2 )]
transform = Transform( 3, 0, 0, 0, 3, 0, 0, 0, 3, 0, 0, 0 )

[node name="Player" parent="." instance=ExtResource( 1 )]
transform = Transform( 1, 0, 0, 0, 1, 0, 0, 0, 1, 51.4905, 13.0273, 85.7865 )

[node name="Lamp" parent="." instance=ExtResource( 5 )]
transform = Transform( 1, 0, 0, 0, 1, 0, 0, 0, 1, 48.8852, 16.0726, 6.27578 )
visible = false

[node name="HUD" parent="." instance=ExtResource( 6 )]

[node name="Props" type="Spatial" parent="."]

[node name="Static" type="Spatial" parent="Props"]

[node name="Flux_0" type="Spatial" parent="Props/Static"]

[node name="Lounge" type="Spatial" parent="Props/Static/Flux_0"]

[node name="flux_0_couches" parent="Props/Static/Flux_0/Lounge" instance=ExtResource( 14 )]
transform = Transform( 1.3, 0, 0, 0, 1, 0, 0, 0, 1.2, 89.9635, 0, -50.9189 )

[node name="flux_0_couches2" parent="Props/Static/Flux_0/Lounge" instance=ExtResource( 14 )]
transform = Transform( 1.3, 0, 0, 0, 1, 0, 0, 0, 1.2, 99.3228, 0, -50.9189 )

[node name="flux_0_couches3" parent="Props/Static/Flux_0/Lounge" instance=ExtResource( 14 )]
transform = Transform( 1.3, 0, 0, 0, 1, 0, 0, 0, 1.2, 108.668, 0, -50.9189 )

[node name="flux_lounge_chair" parent="Props/Static/Flux_0/Lounge" instance=ExtResource( 12 )]
transform = Transform( 0.946063, 0, -0.323983, 0, 1, 0, 0.323983, 0, 0.946063, 107.485, 1.19209e-07, -42.9208 )

[node name="flux_lounge_chair_blue" parent="Props/Static/Flux_0/Lounge" instance=ExtResource( 11 )]
transform = Transform( 0.981289, 0, 0.192539, 0, 1, 0, -0.192539, 0, 0.981289, 111.229, 0, -43.0994 )

[node name="poof" parent="Props/Static/Flux_0/Lounge" instance=ExtResource( 15 )]
transform = Transform( 0.899359, 0, -0.43721, 0, 1, 0, 0.43721, 0, 0.899359, 98.9479, 4.76837e-07, -43.2425 )

[node name="poof_blue" parent="Props/Static/Flux_0/Lounge" instance=ExtResource( 16 )]
transform = Transform( 1, 0, 0, 0, 1, 0, 0, 0, 1, 91.5187, 4.76837e-07, -41.6639 )

[node name="flux_square_table" parent="Props/Static/Flux_0/Lounge" instance=ExtResource( 17 )]
transform = Transform( 1, 0, 0, 0, 1, 0, 0, 0, 1, 94.8722, 0.0305747, -46.9774 )

[node name="flux_square_table2" parent="Props/Static/Flux_0/Lounge" instance=ExtResource( 17 )]
transform = Transform( 1, 0, 0, 0, 1, 0, 0, 0, 1, 105.468, 0.0305747, -46.9774 )

[node name="flux_square_table3" parent="Props/Static/Flux_0/Lounge" instance=ExtResource( 17 )]
transform = Transform( 1, 0, 0, 0, 1, 0, 0, 0, 1, 110.569, 0.0305747, -46.9774 )

[node name="flux_square_table4" parent="Props/Static/Flux_0/Lounge" instance=ExtResource( 17 )]
transform = Transform( 1, 0, 0, 0, 1, 0, 0, 0, 1, 88.6522, 0.0305747, -46.9774 )

[node name="flux_square_table5" parent="Props/Static/Flux_0/Lounge" instance=ExtResource( 17 )]
transform = Transform( 1, 0, 0, 0, 1, 0, 0, 0, 1, 100.534, 0.0305747, -46.9774 )

[node name="flux_lounge_chair2" parent="Props/Static/Flux_0/Lounge" instance=ExtResource( 12 )]
transform = Transform( 0.998191, 0, 0.0601252, 0, 1, 0, -0.0601252, 0, 0.998191, 102.473, 0.0381266, -43.1553 )

[node name="flux_lounge_chair_blue2" parent="Props/Static/Flux_0/Lounge" instance=ExtResource( 11 )]
transform = Transform( 0.993546, 0, -0.113429, 0, 1, 0, 0.113429, 0, 0.993546, 95.5698, 0, -43.0994 )

[node name="flux_lounge_chair_blue3" parent="Props/Static/Flux_0/Lounge" instance=ExtResource( 11 )]
transform = Transform( 0.627637, 0, -0.778506, 0, 1, 0, 0.778506, 0, 0.627637, 86.6694, 0, -43.0994 )

[node name="flux_0_booth" parent="Props/Static/Flux_0" instance=ExtResource( 7 )]
transform = Transform( -4.37114e-08, 0, 1, 0, 1, 0, -1, 0, -4.37114e-08, 87.7168, 0, -20.665 )

[node name="flux_0_tree" parent="Props/Static/Flux_0" instance=ExtResource( 8 )]
transform = Transform( 1.5, 0, 0, 0, 1.5, 0, 0, 0, 1.5, 126.113, 0, -18.8011 )

[node name="flux_0_lounge_chair_block_type" parent="Props/Static/Flux_0" instance=ExtResource( 10 )]
transform = Transform( 0.580063, 0, 0.814571, 0, 1, 0, -0.814571, 0, 0.580063, 134.999, 0, -37.019 )

[node name="card_reader_wall_mount" parent="Props/Static/Flux_0" instance=ExtResource( 13 )]
transform = Transform( -4.37114e-08, 0, 1, 0, 1, 0, -1, 0, -4.37114e-08, 76.9701, 3.53502, -51.0893 )

[node name="flux_bin" parent="Props/Static/Flux_0" instance=ExtResource( 18 )]
transform = Transform( -0.0232469, 0, -1.49982, 0, 1.5, 0, 1.49982, 0, -0.0232469, 75.2884, 4.76837e-07, -30.8621 )

[node name="flux_0_stairs" parent="Props/Static/Flux_0" instance=ExtResource( 19 )]
transform = Transform( -9.61651e-08, 0, 2, 0, 3, 0, -2.2, 0, -8.74228e-08, 123.776, 0, -55.9674 )

[node name="flux_0_stairs2" parent="Props/Static/Flux_0" instance=ExtResource( 19 )]
transform = Transform( -9.61651e-08, 0, -2, 0, 3, 0, 2.2, 0, -8.74228e-08, 44.4113, 0, 10.1527 )

[node name="flux_0_lounge_chair_block_type2" parent="Props/Static/Flux_0" instance=ExtResource( 10 )]
transform = Transform( -0.793332, 0, 0.608789, 0, 1, 0, -0.608789, 0, -0.793332, 134.999, 0, -43.2141 )

[node name="Flux_1" type="Spatial" parent="Props/Static"]

[node name="flux_plant_pot" parent="Props/Static/Flux_1" instance=ExtResource( 3 )]
transform = Transform( 1, 0, 0, 0, 1, 0, 0, 0, 1, 92.9476, 12, -54.0387 )

[node name="flux_plant_pot2" parent="Props/Static/Flux_1" instance=ExtResource( 3 )]
transform = Transform( 1, 0, 0, 0, 1, 0, 0, 0, 1, 104.094, 12, -54.2609 )

[node name="flux_plant_pot3" parent="Props/Static/Flux_1" instance=ExtResource( 3 )]
transform = Transform( 1, 0, 0, 0, 1, 0, 0, 0, 1, 114.208, 12, -54.0842 )

[node name="flux_0_lounge_chair_block_type" parent="Props/Static/Flux_1" instance=ExtResource( 10 )]
transform = Transform( 0.531679, 0, 0.846945, 0, 1, 0, -0.846945, 0, 0.531679, 131.575, 12.0027, -66.6387 )

[node name="flux_0_lounge_chair_block_type2" parent="Props/Static/Flux_1" instance=ExtResource( 10 )]
transform = Transform( -0.827414, 0, 0.561592, 0, 1, 0, -0.561592, 0, -0.827414, 131.215, 12.0027, -72.8233 )

[node name="railing" type="Spatial" parent="Props/Static"]

[node name="flux-glass-railing" parent="Props/Static/railing" instance=ExtResource( 40 )]
transform = Transform( 3, 0, 0, 0, 2.5, 0, 0, 0, 2.5, 118.722, 11.9979, -52.4429 )

[node name="flux-glass-railing2" parent="Props/Static/railing" instance=ExtResource( 40 )]
transform = Transform( 3, 0, 0, 0, 2.5, 0, 0, 0, 2.5, 112.71, 11.9979, -52.4429 )

[node name="flux-glass-railing3" parent="Props/Static/railing" instance=ExtResource( 40 )]
transform = Transform( 3, 0, 0, 0, 2.5, 0, 0, 0, 2.5, 106.695, 11.9979, -52.4429 )

[node name="flux-glass-railing4" parent="Props/Static/railing" instance=ExtResource( 40 )]
transform = Transform( 3, 0, 0, 0, 2.5, 0, 0, 0, 2.5, 100.682, 11.9979, -52.4429 )

[node name="flux-glass-railing5" parent="Props/Static/railing" instance=ExtResource( 40 )]
transform = Transform( 3, 0, 0, 0, 2.5, 0, 0, 0, 2.5, 94.6307, 11.9979, -52.4429 )

[node name="flux-glass-railing6" parent="Props/Static/railing" instance=ExtResource( 40 )]
transform = Transform( 3.3, 0, 0, 0, 2.5, 0, 0, 0, 2.5, 88.2463, 11.9979, -52.4429 )

[node name="flux-glass-railing7" parent="Props/Static/railing" instance=ExtResource( 40 )]
transform = Transform( -1.31134e-07, 0, 2.5, 0, 2.5, 0, -3, 0, -1.09278e-07, 84.8484, 11.9979, -49.1316 )

[node name="flux-glass-railing8" parent="Props/Static/railing" instance=ExtResource( 40 )]
transform = Transform( -1.31134e-07, 0, 2.5, 0, 2.5, 0, -3, 0, -1.09278e-07, 84.8484, 11.9979, -43.0326 )

[node name="flux-glass-railing9" parent="Props/Static/railing" instance=ExtResource( 40 )]
transform = Transform( -1.31134e-07, 0, 2.5, 0, 2.5, 0, -3, 0, -1.09278e-07, 84.8484, 11.9979, -36.9341 )

[node name="flux-glass-railing10" parent="Props/Static/railing" instance=ExtResource( 40 )]
transform = Transform( -1.31134e-07, 0, 2.5, 0, 2.5, 0, -3, 0, -1.09278e-07, 84.8484, 11.9979, -30.8351 )

[node name="flux-glass-railing11" parent="Props/Static/railing" instance=ExtResource( 40 )]
transform = Transform( -1.31134e-07, 0, 2.5, 0, 2.5, 0, -3, 0, -1.09278e-07, 84.8484, 11.9979, -24.8012 )

[node name="flux-glass-railing12" parent="Props/Static/railing" instance=ExtResource( 40 )]
transform = Transform( -1.31134e-07, 0, 2.5, 0, 2.5, 0, -3, 0, -1.09278e-07, 84.8484, 11.9979, -18.7022 )

[node name="flux-glass-railing13" parent="Props/Static/railing" instance=ExtResource( 40 )]
transform = Transform( -1.31134e-07, 0, 2.5, 0, 2.5, 0, -3, 0, -1.09278e-07, 84.8484, 11.9979, -12.6892 )

[node name="flux-glass-railing14" parent="Props/Static/railing" instance=ExtResource( 40 )]
transform = Transform( 2.1, 0, 0, 0, 2.5, 0, 0, 0, 2.5, 137.931, 11.9979, -52.4429 )

[node name="flux-glass-railing15" parent="Props/Static/railing" instance=ExtResource( 40 )]
transform = Transform( -1.31134e-07, 0, 2.5, 0, 2.5, 0, -3, 0, -1.09278e-07, 140.233, 11.9979, -49.1316 )

[node name="flux-glass-railing16" parent="Props/Static/railing" instance=ExtResource( 40 )]
transform = Transform( -1.31134e-07, 0, 2.5, 0, 2.5, 0, -3, 0, -1.09278e-07, 140.233, 11.9979, -43.0326 )

[node name="flux-glass-railing17" parent="Props/Static/railing" instance=ExtResource( 40 )]
transform = Transform( -1.31134e-07, 0, 2.5, 0, 2.5, 0, -3, 0, -1.09278e-07, 140.233, 11.9979, -36.9341 )

[node name="flux-glass-railing18" parent="Props/Static/railing" instance=ExtResource( 40 )]
transform = Transform( -1.31134e-07, 0, 2.5, 0, 2.5, 0, -3, 0, -1.09278e-07, 140.233, 11.9979, -30.8351 )

[node name="flux-glass-railing19" parent="Props/Static/railing" instance=ExtResource( 40 )]
transform = Transform( -1.31134e-07, 0, 2.5, 0, 2.5, 0, -3, 0, -1.09278e-07, 140.233, 11.9979, -24.8012 )

[node name="flux-glass-railing20" parent="Props/Static/railing" instance=ExtResource( 40 )]
transform = Transform( -1.31134e-07, 0, 2.5, 0, 2.5, 0, -3, 0, -1.09278e-07, 140.233, 11.9979, -18.7022 )

[node name="flux-glass-railing21" parent="Props/Static/railing" instance=ExtResource( 40 )]
transform = Transform( -1.31134e-07, 0, 2.5, 0, 2.5, 0, -3, 0, -1.09278e-07, 140.233, 11.9979, -12.6892 )

[node name="flux-glass-railing22" parent="Props/Static/railing" instance=ExtResource( 40 )]
transform = Transform( -5.24537e-08, 0, 2.5, 0, 2.5, 0, -1.2, 0, -1.09278e-07, 54.258, 11.9979, -30.9613 )

[node name="flux-glass-railing23" parent="Props/Static/railing" instance=ExtResource( 40 )]
transform = Transform( -1.31134e-07, 0, 2.5, 0, 2.5, 0, -3, 0, -1.09278e-07, 54.258, 11.9979, -26.7017 )

[node name="flux-glass-railing24" parent="Props/Static/railing" instance=ExtResource( 40 )]
transform = Transform( -1.31134e-07, 0, 2.5, 0, 2.5, 0, -3, 0, -1.09278e-07, 54.258, 11.9979, -20.6032 )

[node name="flux-glass-railing25" parent="Props/Static/railing" instance=ExtResource( 40 )]
transform = Transform( -1.31134e-07, 0, 2.5, 0, 2.5, 0, -3, 0, -1.09278e-07, 54.258, 11.9979, -14.5042 )

[node name="flux-glass-railing26" parent="Props/Static/railing" instance=ExtResource( 40 )]
transform = Transform( -1.31134e-07, 0, 2.5, 0, 2.5, 0, -3, 0, -1.09278e-07, 54.258, 11.9979, -8.47028 )

[node name="flux-glass-railing27" parent="Props/Static/railing" instance=ExtResource( 40 )]
transform = Transform( -1.31134e-07, 0, 2.5, 0, 2.5, 0, -3, 0, -1.09278e-07, 54.258, 11.9979, -2.37125 )

[node name="flux-glass-railing28" parent="Props/Static/railing" instance=ExtResource( 40 )]
transform = Transform( -1.31134e-07, 0, 2.5, 0, 2.5, 0, -3, 0, -1.09278e-07, 54.258, 11.9979, 3.64176 )

[node name="flux-glass-railing29" parent="Props/Static/railing" instance=ExtResource( 40 )]
transform = Transform( -5.24537e-08, 0, 2.5, 0, 2.5, 0, -1.2, 0, -1.09278e-07, 31.3292, 11.9979, -30.9613 )

[node name="flux-glass-railing30" parent="Props/Static/railing" instance=ExtResource( 40 )]
transform = Transform( -1.31134e-07, 0, 2.5, 0, 2.5, 0, -3, 0, -1.09278e-07, 31.3292, 11.9979, -26.7017 )

[node name="flux-glass-railing31" parent="Props/Static/railing" instance=ExtResource( 40 )]
transform = Transform( -1.31134e-07, 0, 2.5, 0, 2.5, 0, -3, 0, -1.09278e-07, 31.3292, 11.9979, -20.6032 )

[node name="flux-glass-railing32" parent="Props/Static/railing" instance=ExtResource( 40 )]
transform = Transform( -1.31134e-07, 0, 2.5, 0, 2.5, 0, -3, 0, -1.09278e-07, 31.3292, 11.9979, -14.5042 )

[node name="flux-glass-railing33" parent="Props/Static/railing" instance=ExtResource( 40 )]
transform = Transform( -1.31134e-07, 0, 2.5, 0, 2.5, 0, -3, 0, -1.09278e-07, 31.3292, 11.9979, -8.47028 )

[node name="flux-glass-railing34" parent="Props/Static/railing" instance=ExtResource( 40 )]
transform = Transform( -1.31134e-07, 0, 2.5, 0, 2.5, 0, -3, 0, -1.09278e-07, 31.3292, 11.9979, -2.37125 )

[node name="flux-glass-railing35" parent="Props/Static/railing" instance=ExtResource( 40 )]
transform = Transform( -1.31134e-07, 0, 2.5, 0, 2.5, 0, -3, 0, -1.09278e-07, 31.3292, 11.9979, 3.64176 )

[node name="flux-glass-railing37" parent="Props/Static/railing" instance=ExtResource( 40 )]
transform = Transform( 1, 0, 0, 0, 2.5, 0, 0, 0, 2.5, 47.2454, 11.9979, 6.74701 )

[node name="flux-glass-railing38" parent="Props/Static/railing" instance=ExtResource( 40 )]
transform = Transform( 3, 0, 0, 0, 2.5, 0, 0, 0, 2.5, 51.2817, 11.9979, 6.74701 )

[node name="flux-glass-railing39" parent="Props/Static/railing" instance=ExtResource( 40 )]
transform = Transform( 0.6, 0, 0, 0, 2.5, 0, 0, 0, 2.5, 31.9596, 11.9979, 6.74701 )

[node name="ToggleGroups" type="Spatial" parent="."]

[node name="Group0_only" type="Spatial" parent="ToggleGroups"]

[node name="Limit_coliders0" type="Spatial" parent="ToggleGroups/Group0_only"]

[node name="group0collider" parent="ToggleGroups/Group0_only/Limit_coliders0" instance=ExtResource( 21 )]
transform = Transform( 3, 0, 0, 0, 3, 0, 0, 0, 3, 0, 0, 0 )

[node name="Puzzle_one_Pedestal" parent="ToggleGroups/Group0_only" instance=ExtResource( 4 )]
transform = Transform( 0.93258, 0, -1.04417, 0, 1.4, 0, 1.04417, 0, 0.93258, 37.6769, 12.9424, 74.295 )

[node name="AudioStreamPlayer3D" type="AudioStreamPlayer3D" parent="ToggleGroups/Group0_only/Puzzle_one_Pedestal"]
transform = Transform( 1, 0, 0, 0, 1, 0, 0, 0, 1, 0, 2.72408, 0 )
stream = ExtResource( 33 )
unit_db = 8.951
autoplay = true

[node name="orb_hint" parent="ToggleGroups/Group0_only/Puzzle_one_Pedestal" instance=ExtResource( 22 )]
transform = Transform( 0.66613, 0, 0.745835, 0, 1, 0, -0.745835, 0, 0.66613, -0.107269, 1.4626, 0.365984 )

[node name="Group0" type="Spatial" parent="ToggleGroups"]

[node name="Lights_0" type="Spatial" parent="ToggleGroups/Group0"]

[node name="Group1_only" type="Spatial" parent="ToggleGroups"]

[node name="Orbs1" type="Spatial" parent="ToggleGroups/Group1_only"]
transform = Transform( 2, 0, 0, 0, 2, 0, 0, 0, 2, 49.1908, 14.4588, 16.7448 )

[node name="animated_orb" parent="ToggleGroups/Group1_only/Orbs1" instance=ExtResource( 34 )]
transform = Transform( 0.878717, -0.477343, 0, 0.477343, 0.878717, 0, 0, 0, 1, -7.17509, -0.980497, 16.5661 )

[node name="animated_orb2" parent="ToggleGroups/Group1_only/Orbs1" instance=ExtResource( 36 )]
transform = Transform( 0.833529, 0.552475, 0, -0.552475, 0.833529, 0, 0, 0, 1, -6.46832, -0.980496, 21.3637 )

[node name="animated_orb3" parent="ToggleGroups/Group1_only/Orbs1" instance=ExtResource( 35 )]
transform = Transform( 0.251546, -0.967845, 0, 0.967845, 0.251546, 0, 0, 0, 1, -5.69232, -0.120162, 9.90929 )

[node name="animated_orb4" parent="ToggleGroups/Group1_only/Orbs1" instance=ExtResource( 36 )]
transform = Transform( 0.86162, -0.507553, 0, 0.507553, 0.86162, 0, 0, 0, 1, -3.78693, -0.616534, 3.33805 )

[node name="Limit_coliders1" type="Spatial" parent="ToggleGroups/Group1_only"]

[node name="group1collider" parent="ToggleGroups/Group1_only/Limit_coliders1" instance=ExtResource( 20 )]
transform = Transform( 3, 0, 0, 0, 3, 0, 0, 0, 3, 0, 0, 0 )

[node name="Puzzle_two_Pedestal" parent="ToggleGroups/Group1_only" instance=ExtResource( 4 )]
transform = Transform( 1.27859, 0, -0.57028, 0, 1.4, 0, 0.57028, 0, 1.27859, 49.0654, 12.9102, 9.67485 )
puzzle_to_load = 1

[node name="AudioStreamPlayer3D" type="AudioStreamPlayer3D" parent="ToggleGroups/Group1_only/Puzzle_two_Pedestal"]
transform = Transform( 1, 0, 0, 0, 1, 0, 0, 0, 1, 0, 2.72408, 0 )
stream = ExtResource( 33 )
autoplay = true

[node name="orb_hint" parent="ToggleGroups/Group1_only/Puzzle_two_Pedestal" instance=ExtResource( 22 )]
transform = Transform( 0.913275, 0, 0.407343, 0, 1, 0, -0.407343, 0, 0.913275, 0.172134, 1.4626, -0.0659237 )

[node name="Group1" type="Spatial" parent="ToggleGroups"]

[node name="Lights_1" type="Spatial" parent="ToggleGroups/Group1"]

[node name="fairylights_a_arch_big" parent="ToggleGroups/Group1/Lights_1" instance=ExtResource( 30 )]
transform = Transform( 0.0133474, 0, -0.299703, 0, 0.3, 0, 0.299703, 0, 0.0133474, 40.1597, 22.3475, 69.5673 )

[node name="fairylights_a_single_long" parent="ToggleGroups/Group1/Lights_1" instance=ExtResource( 25 )]
transform = Transform( 0.3, 0, 0, 0, 0.3, 0, 0, 0, 0.3, 30.8229, 22.349, 34.7335 )

[node name="fairylights_a_single_medium" parent="ToggleGroups/Group1/Lights_1" instance=ExtResource( 28 )]
transform = Transform( 0.3, 0, 0, 0, 0.3, 0, 0, 0, 0.3, 54.9608, 10.062, 25.4418 )

[node name="fairylights_a_single_small" parent="ToggleGroups/Group1/Lights_1" instance=ExtResource( 31 )]
transform = Transform( 0.3, 0, 0, 0, 0.3, 0, 0, 0, 0.3, 46.8085, 22.4173, 50.2772 )

[node name="fairylights_b_1" parent="ToggleGroups/Group1/Lights_1" instance=ExtResource( 27 )]
transform = Transform( 0.781422, 0, 0.624002, 0, 1, 0, -0.624002, 0, 0.781422, 37.2177, 22.3268, 33.0984 )

[node name="fairylights_b_2" parent="ToggleGroups/Group1/Lights_1" instance=ExtResource( 29 )]
transform = Transform( -0.310958, 0, -0.950424, 0, 1, 0, 0.950424, 0, -0.310958, 39.4854, 22.563, 55.7434 )

[node name="fairylights_b_3" parent="ToggleGroups/Group1/Lights_1" instance=ExtResource( 29 )]
transform = Transform( 0.0716896, 0, -0.997427, 0, 1, 0, 0.997427, 0, 0.0716896, 27.6005, 22.562, 60.2916 )

[node name="Audio" type="Spatial" parent="ToggleGroups/Group1"]

[node name="AudioStreamPlayer3D4" type="AudioStreamPlayer3D" parent="ToggleGroups/Group1/Audio"]
transform = Transform( 1, 0, 0, 0, 1, 0, 0, 0, 1, 54.7124, 18.4259, 58.0962 )
stream = ExtResource( 37 )
unit_db = 3.357
unit_size = 12.9

[node name="Group2_only" type="Spatial" parent="ToggleGroups"]

[node name="Orbs2" type="Spatial" parent="ToggleGroups/Group2_only"]
transform = Transform( 2, 0, 0, 0, 2, 0, 0, 0, 2, 49.1908, 14.4588, 16.7448 )

[node name="animated_orb" parent="ToggleGroups/Group2_only/Orbs2" instance=ExtResource( 34 )]
transform = Transform( 0.878717, -0.477343, 0, 0.477343, 0.878717, 0, 0, 0, 1, -3.49038, -1.47866, -9.22077 )

[node name="animated_orb2" parent="ToggleGroups/Group2_only/Orbs2" instance=ExtResource( 36 )]
transform = Transform( 0.833529, 0.552475, 0, -0.552475, 0.833529, 0, 0, 0, 1, -2.78361, -0.821722, -4.42317 )

[node name="animated_orb3" parent="ToggleGroups/Group2_only/Orbs2" instance=ExtResource( 35 )]
transform = Transform( 0.251546, -0.967845, 0, 0.967845, 0.251546, 0, 0, 0, 1, -0.339094, -4.90057, -15.8776 )

[node name="animated_orb4" parent="ToggleGroups/Group2_only/Orbs2" instance=ExtResource( 36 )]
transform = Transform( 0.86162, -0.507553, 0, 0.507553, 0.86162, 0, 0, 0, 1, 8.8462, -6.64772, -22.4488 )

[node name="animated_orb5" parent="ToggleGroups/Group2_only/Orbs2" instance=ExtResource( 35 )]
transform = Transform( 0.251546, -0.967845, 0, 0.967845, 0.251546, 0, 0, 0, 1, 16.8756, -4.90057, -19.6123 )

[node name="animated_orb6" parent="ToggleGroups/Group2_only/Orbs2" instance=ExtResource( 36 )]
transform = Transform( 0.86162, -0.507553, 0, 0.507553, 0.86162, 0, 0, 0, 1, 22.5234, -6.64772, -22.8157 )

[node name="Puzzle_three_Pedestal" parent="ToggleGroups/Group2_only" instance=ExtResource( 4 )]
transform = Transform( 0.93258, 0, -1.04417, 0, 1.4, 0, 1.04417, 0, 0.93258, 103.337, 0.818024, -24.5817 )
puzzle_to_load = 2

[node name="AudioStreamPlayer3D" type="AudioStreamPlayer3D" parent="ToggleGroups/Group2_only/Puzzle_three_Pedestal"]
transform = Transform( 1, 0, 0, 0, 1, 0, 0, 0, 1, 0, 2.72408, 0 )
stream = ExtResource( 33 )
autoplay = true

[node name="orb_hint" parent="ToggleGroups/Group2_only/Puzzle_three_Pedestal" instance=ExtResource( 22 )]
transform = Transform( 0.913275, 0, 0.407343, 0, 1, 0, -0.407343, 0, 0.913275, 0.172134, 1.4626, -0.0659237 )

[node name="Group2" type="Spatial" parent="ToggleGroups"]

[node name="Lights_2" type="Spatial" parent="ToggleGroups/Group2"]

[node name="cylinder_lamp2" parent="ToggleGroups/Group2/Lights_2" instance=ExtResource( 9 )]
transform = Transform( 1, 0, 0, 0, 1, 0, 0, 0, 1, 117.119, 25.3427, -74.1441 )

[node name="cylinder_lamp11" parent="ToggleGroups/Group2/Lights_2" instance=ExtResource( 9 )]
transform = Transform( -0.928997, 0, -0.370087, 0, 1, 0, 0.370087, 0, -0.928997, 113.901, 79.7759, -43.4334 )

[node name="cylinder_lamp15" parent="ToggleGroups/Group2/Lights_2" instance=ExtResource( 9 )]
transform = Transform( 0.767154, 0, -0.641463, 0, 1, 0, 0.641463, 0, 0.767154, 123.121, 28.9927, -13.7093 )

[node name="cylinder_lamp17" parent="ToggleGroups/Group2/Lights_2" instance=ExtResource( 9 )]
transform = Transform( 0.405413, 0, -0.914134, 0, 1, 0, 0.914134, 0, 0.405413, 91.9857, 23.6059, -45.9588 )

[node name="fairylights_a_arch_big" parent="ToggleGroups/Group2/Lights_2" instance=ExtResource( 30 )]
transform = Transform( -0.0756005, 0, -0.290318, 0, 0.3, 0, 0.290318, 0, -0.0756005, 56.2897, 22.5486, -29.9219 )

[node name="fairylights_a_arch_half" parent="ToggleGroups/Group2/Lights_2" instance=ExtResource( 26 )]
transform = Transform( -0.0756005, 0, -0.290318, 0, 0.3, 0, 0.290318, 0, -0.0756005, 54.602, 22.5246, -21.2749 )

[node name="fairylights_a_arch_small" parent="ToggleGroups/Group2/Lights_2" instance=ExtResource( 23 )]
transform = Transform( 0.00517289, 0, -0.299955, 0, 0.3, 0, 0.299955, 0, 0.00517289, 29.6323, 10.315, -22.9927 )

[node name="fairylights_a_hills" parent="ToggleGroups/Group2/Lights_2" instance=ExtResource( 24 )]
transform = Transform( 0.268897, 0, 0.13302, 0, 0.3, 0, -0.13302, 0, 0.268897, 61.1777, 10.2626, -12.4756 )

[node name="fairylights_a_single_long" parent="ToggleGroups/Group2/Lights_2" instance=ExtResource( 25 )]
transform = Transform( 0.3, 0, 0, 0, 0.3, 0, 0, 0, 0.3, 30.0756, 22.5758, -26.9215 )

[node name="fairylights_a_single_medium" parent="ToggleGroups/Group2/Lights_2" instance=ExtResource( 28 )]
transform = Transform( 0.3, 0, 0, 0, 0.3, 0, 0, 0, 0.3, 29.9802, 10.2888, -15.9945 )

[node name="fairylights_a_single_small" parent="ToggleGroups/Group2/Lights_2" instance=ExtResource( 31 )]
transform = Transform( 0.3, 0, 0, 0, 0.3, 0, 0, 0, 0.3, 55.9807, 10.2888, -22.9927 )

[node name="fairylights_b_1" parent="ToggleGroups/Group2/Lights_2" instance=ExtResource( 27 )]
transform = Transform( 1.18864, 0, -0.526435, 0, 1.3, 0, 0.526435, 0, 1.18864, 49.3547, 22.5825, -9.4674 )

[node name="fairylights_b_2" parent="ToggleGroups/Group2/Lights_2" instance=ExtResource( 29 )]
transform = Transform( -0.310958, 0, -0.950424, 0, 1, 0, 0.950424, 0, -0.310958, 67.6497, 22.563, -12.0691 )

[node name="fairylights_b_3" parent="ToggleGroups/Group2/Lights_2" instance=ExtResource( 32 )]
transform = Transform( 0.840131, 0, -0.542383, 0, 1, 0, 0.542383, 0, 0.840131, 68.1607, 22.5603, -21.3442 )

[node name="fairylights_b_4" parent="ToggleGroups/Group2/Lights_2" instance=ExtResource( 27 )]
transform = Transform( -0.899573, 0, -0.43677, 0, 1, 0, 0.43677, 0, -0.899573, 36.6334, 22.5536, -9.9742 )

[node name="fairylights_b_5" parent="ToggleGroups/Group2/Lights_2" instance=ExtResource( 27 )]
transform = Transform( -0.931068, 0, 0.364844, 0, 1, 0, -0.364844, 0, -0.931068, 36.8118, 22.52, -14.7284 )

[node name="fairylights_b_6" parent="ToggleGroups/Group2/Lights_2" instance=ExtResource( 27 )]
transform = Transform( 0.915178, 0, 0.40305, 0, 1, 0, -0.40305, 0, 0.915178, 47.7707, 22.5536, -15.2371 )

[node name="cylinder_lamp3" parent="ToggleGroups/Group2/Lights_2" instance=ExtResource( 9 )]
transform = Transform( 1, 0, 0, 0, 1, 0, 0, 0, 1, 42.178, 19.8916, -12.6681 )

[node name="fairylights_b_7" parent="ToggleGroups/Group2/Lights_2" instance=ExtResource( 27 )]
transform = Transform( 1.18864, 0, -0.526435, 0, 1.3, 0, 0.526435, 0, 1.18864, 49.3547, 46.6847, -9.4674 )

[node name="fairylights_b_8" parent="ToggleGroups/Group2/Lights_2" instance=ExtResource( 27 )]
transform = Transform( -0.899573, 0, -0.43677, 0, 1, 0, 0.43677, 0, -0.899573, 36.6334, 46.6559, -9.9742 )

[node name="fairylights_b_9" parent="ToggleGroups/Group2/Lights_2" instance=ExtResource( 27 )]
transform = Transform( -0.931068, 0, 0.364844, 0, 1, 0, -0.364844, 0, -0.931068, 36.8118, 46.6223, -14.7284 )

[node name="fairylights_b_10" parent="ToggleGroups/Group2/Lights_2" instance=ExtResource( 27 )]
transform = Transform( 0.915178, 0, 0.40305, 0, 1, 0, -0.40305, 0, 0.915178, 47.7707, 46.6559, -15.2371 )

[node name="cylinder_lamp4" parent="ToggleGroups/Group2/Lights_2" instance=ExtResource( 9 )]
transform = Transform( 1, 0, 0, 0, 1, 0, 0, 0, 1, 42.178, 43.9939, -12.6681 )

[node name="fairylights_b_11" parent="ToggleGroups/Group2/Lights_2" instance=ExtResource( 32 )]
transform = Transform( 0.840131, 0, -0.542383, 0, 1, 0, 0.542383, 0, 0.840131, 63.0087, 22.5603, -28.6737 )

[node name="fairylights_b_12" parent="ToggleGroups/Group2/Lights_2" instance=ExtResource( 32 )]
transform = Transform( 0.840131, 0, -0.542383, 0, 1, 0, 0.542383, 0, 0.840131, 63.0087, 10.5208, -28.6737 )

[node name="fairylights_b_13" parent="ToggleGroups/Group2/Lights_2" instance=ExtResource( 32 )]
transform = Transform( 0.882135, 0, 0.470996, 0, 1, 0, -0.470996, 0, 0.882135, 63.0087, 10.5208, -19.6846 )

[node name="fairylights_a_arch_big2" parent="ToggleGroups/Group2/Lights_2" instance=ExtResource( 30 )]
transform = Transform( 0.3, 0, 0, 0, 0.3, 0, 0, 0, 0.3, 65.1503, 10.3202, -26.0129 )

[node name="fairylights_a_arch_half2" parent="ToggleGroups/Group2/Lights_2" instance=ExtResource( 26 )]
transform = Transform( 0.3, 0, 0, 0, 0.3, 0, 0, 0, 0.3, 73.9436, 10.2962, -26.5587 )

[node name="fairylights_a_single_long2" parent="ToggleGroups/Group2/Lights_2" instance=ExtResource( 25 )]
transform = Transform( 0.3, 0, 0, 0, 0.3, 0, 0, 0, 0.3, 69.6045, 10.3217, -26.9546 )

[node name="fairylights_a_arch_big3" parent="ToggleGroups/Group2/Lights_2" instance=ExtResource( 30 )]
transform = Transform( 0.3, 0, 0, 0, 0.3, 0, 0, 0, 0.3, 76.0912, 10.3202, -15.3766 )

[node name="fairylights_a_single_long3" parent="ToggleGroups/Group2/Lights_2" instance=ExtResource( 25 )]
transform = Transform( 0.3, 0, 0, 0, 0.3, 0, 0, 0, 0.3, 80.5454, 10.3217, -16.3183 )

[node name="fairylights_a_arch_big4" parent="ToggleGroups/Group2/Lights_2" instance=ExtResource( 30 )]
transform = Transform( -0.121739, 0, -0.274189, 0, 0.3, 0, 0.274189, 0, -0.121739, 52.9549, 22.5486, 13.7225 )

[node name="fairylights_a_arch_half3" parent="ToggleGroups/Group2/Lights_2" instance=ExtResource( 26 )]
transform = Transform( -0.121739, 0, -0.274189, 0, 0.3, 0, 0.274189, 0, -0.121739, 49.8854, 22.5246, 21.9807 )

[node name="cylinder_lamp5" parent="ToggleGroups/Group2/Lights_2" instance=ExtResource( 9 )]
transform = Transform( 1, 0, 0, 0, 1, 0, 0, 0, 1, 37.3055, 13.9811, -27.5991 )

[node name="cylinder_lamp6" parent="ToggleGroups/Group2/Lights_2" instance=ExtResource( 9 )]
transform = Transform( 1, 0, 0, 0, 1, 0, 0, 0, 1, 47.9882, 12.0537, -27.5991 )

[node name="Audio" type="Spatial" parent="ToggleGroups/Group2"]

[node name="AudioStreamPlayer3D" type="AudioStreamPlayer3D" parent="ToggleGroups/Group2/Audio"]
transform = Transform( 1, 0, 0, 0, 1, 0, 0, 0, 1, 29.2973, 16.47, 20.0489 )
stream = ExtResource( 37 )
unit_db = 3.357
unit_size = 12.9
pitch_scale = 0.9

[node name="AudioStreamPlayer3D2" type="AudioStreamPlayer3D" parent="ToggleGroups/Group2/Audio"]
transform = Transform( 1, 0, 0, 0, 1, 0, 0, 0, 1, 52.5392, 16.47, 25.5823 )
stream = ExtResource( 37 )
unit_db = 3.357
unit_size = 12.9

[node name="AudioStreamPlayer3D3" type="AudioStreamPlayer3D" parent="ToggleGroups/Group2/Audio"]
transform = Transform( 1, 0, 0, 0, 1, 0, 0, 0, 1, 29.2973, 16.47, 78.3029 )
stream = ExtResource( 37 )
unit_db = 3.357
unit_size = 12.9

[node name="AudioStreamPlayer3D4" type="AudioStreamPlayer3D" parent="ToggleGroups/Group2/Audio"]
transform = Transform( 1, 0, 0, 0, 1, 0, 0, 0, 1, 52.5392, 16.47, 0.737198 )
stream = ExtResource( 37 )
unit_db = 3.357
unit_size = 12.9
pitch_scale = 1.1

[node name="AudioStreamPlayer3D5" type="AudioStreamPlayer3D" parent="ToggleGroups/Group2/Audio"]
transform = Transform( 1, 0, 0, 0, 1, 0, 0, 0, 1, 29.2973, 1.69934, -34.9468 )
stream = ExtResource( 37 )
unit_db = 3.357
unit_size = 12.9
pitch_scale = 0.9

[node name="AudioStreamPlayer3D6" type="AudioStreamPlayer3D" parent="ToggleGroups/Group2/Audio"]
transform = Transform( 1, 0, 0, 0, 1, 0, 0, 0, 1, 52.5392, 1.69934, -29.4134 )
stream = ExtResource( 37 )
unit_db = 3.357
unit_size = 12.9

[node name="AudioStreamPlayer3D7" type="AudioStreamPlayer3D" parent="ToggleGroups/Group2/Audio"]
transform = Transform( 1, 0, 0, 0, 1, 0, 0, 0, 1, 29.2973, 1.69934, 23.3072 )
stream = ExtResource( 37 )
unit_db = 3.357
unit_size = 12.9

[node name="AudioStreamPlayer3D8" type="AudioStreamPlayer3D" parent="ToggleGroups/Group2/Audio"]
transform = Transform( 1, 0, 0, 0, 1, 0, 0, 0, 1, 52.5392, 1.69934, -54.2585 )
stream = ExtResource( 37 )
unit_db = 3.357
unit_size = 12.9
pitch_scale = 1.1

[node name="AudioStreamPlayer3D9" type="AudioStreamPlayer3D" parent="ToggleGroups/Group2/Audio"]
transform = Transform( 1, 0, 0, 0, 1, 0, 0, 0, 1, 79.8027, 1.69934, -34.9468 )
stream = ExtResource( 37 )
unit_db = 3.357
unit_size = 12.9
pitch_scale = 0.9

[node name="AudioStreamPlayer3D10" type="AudioStreamPlayer3D" parent="ToggleGroups/Group2/Audio"]
transform = Transform( 1, 0, 0, 0, 1, 0, 0, 0, 1, 103.044, 1.69934, -29.4134 )
stream = ExtResource( 37 )
unit_db = 3.357
unit_size = 12.9

[node name="AudioStreamPlayer3D11" type="AudioStreamPlayer3D" parent="ToggleGroups/Group2/Audio"]
transform = Transform( 1, 0, 0, 0, 1, 0, 0, 0, 1, 79.8027, 1.69934, 23.3072 )
stream = ExtResource( 37 )
unit_db = 3.357
unit_size = 12.9

[node name="AudioStreamPlayer3D12" type="AudioStreamPlayer3D" parent="ToggleGroups/Group2/Audio"]
transform = Transform( 1, 0, 0, 0, 1, 0, 0, 0, 1, 103.044, 1.69934, -54.2585 )
stream = ExtResource( 37 )
unit_db = 3.357
unit_size = 12.9
pitch_scale = 1.1

[node name="AudioStreamPlayer3D13" type="AudioStreamPlayer3D" parent="ToggleGroups/Group2/Audio"]
transform = Transform( 1, 0, 0, 0, 1, 0, 0, 0, 1, 103.044, 1.69934, -54.2585 )
stream = ExtResource( 37 )
unit_db = 3.357
unit_size = 12.9
pitch_scale = 1.1

[node name="Group3" type="Spatial" parent="ToggleGroups"]

[node name="Lights_3" type="Spatial" parent="ToggleGroups/Group3"]

[node name="Cylinderlamps" type="Spatial" parent="ToggleGroups/Group3/Lights_3"]

[node name="cylinder_lamp" parent="ToggleGroups/Group3/Lights_3/Cylinderlamps" instance=ExtResource( 9 )]
transform = Transform( 1, 0, 0, 0, 1, 0, 0, 0, 1, 125.729, 31.1152, -74.5433 )

[node name="cylinder_lamp3" parent="ToggleGroups/Group3/Lights_3/Cylinderlamps" instance=ExtResource( 9 )]
transform = Transform( 1, 0, 0, 0, 1, 0, 0, 0, 1, 131.653, 26.7474, -72.4183 )

[node name="cylinder_lamp4" parent="ToggleGroups/Group3/Lights_3/Cylinderlamps" instance=ExtResource( 9 )]
transform = Transform( 0.645391, 0, -0.763852, 0, 1, 0, 0.763852, 0, 0.645391, 118.792, 39.9518, -41.9212 )

[node name="cylinder_lamp5" parent="ToggleGroups/Group3/Lights_3/Cylinderlamps" instance=ExtResource( 9 )]
transform = Transform( 0.645391, 0, -0.763852, 0, 1, 0, 0.763852, 0, 0.645391, 112.93, 34.1794, -48.2408 )

[node name="cylinder_lamp6" parent="ToggleGroups/Group3/Lights_3/Cylinderlamps" instance=ExtResource( 9 )]
transform = Transform( 0.645391, 0, -0.763852, 0, 1, 0, 0.763852, 0, 0.645391, 120.992, 35.5841, -36.0247 )

[node name="cylinder_lamp7" parent="ToggleGroups/Group3/Lights_3/Cylinderlamps" instance=ExtResource( 9 )]
transform = Transform( -0.316345, 0, -0.948644, 0, 1, 0, 0.948644, 0, -0.316345, 128.204, 76.1334, -40.4592 )

[node name="cylinder_lamp8" parent="ToggleGroups/Group3/Lights_3/Cylinderlamps" instance=ExtResource( 9 )]
transform = Transform( -0.316345, 0, -0.948644, 0, 1, 0, 0.948644, 0, -0.316345, 130.549, 70.361, -48.7539 )

[node name="cylinder_lamp9" parent="ToggleGroups/Group3/Lights_3/Cylinderlamps" instance=ExtResource( 9 )]
transform = Transform( -0.316345, 0, -0.948644, 0, 1, 0, 0.948644, 0, -0.316345, 124.314, 71.7657, -35.5116 )

[node name="cylinder_lamp10" parent="ToggleGroups/Group3/Lights_3/Cylinderlamps" instance=ExtResource( 9 )]
transform = Transform( -0.928997, 0, -0.370087, 0, 1, 0, 0.370087, 0, -0.928997, 106.049, 85.5484, -39.8758 )

[node name="cylinder_lamp12" parent="ToggleGroups/Group3/Lights_3/Cylinderlamps" instance=ExtResource( 9 )]
transform = Transform( -0.928997, 0, -0.370087, 0, 1, 0, 0.370087, 0, -0.928997, 99.7593, 81.1806, -39.6575 )

[node name="cylinder_lamp13" parent="ToggleGroups/Group3/Lights_3/Cylinderlamps" instance=ExtResource( 9 )]
transform = Transform( 0.767154, 0, -0.641463, 0, 1, 0, 0.641463, 0, 0.767154, 119.939, 33.3605, -19.1395 )

[node name="cylinder_lamp14" parent="ToggleGroups/Group3/Lights_3/Cylinderlamps" instance=ExtResource( 9 )]
transform = Transform( 0.767154, 0, -0.641463, 0, 1, 0, 0.641463, 0, 0.767154, 113.077, 27.588, -24.3566 )

[node name="cylinder_lamp16" parent="ToggleGroups/Group3/Lights_3/Cylinderlamps" instance=ExtResource( 9 )]
transform = Transform( 0.405413, 0, -0.914134, 0, 1, 0, 0.914134, 0, 0.405413, 95.8414, 29.3784, -38.2494 )

[node name="cylinder_lamp18" parent="ToggleGroups/Group3/Lights_3/Cylinderlamps" instance=ExtResource( 9 )]
transform = Transform( 0.405413, 0, -0.914134, 0, 1, 0, 0.914134, 0, 0.405413, 96.3007, 25.0106, -31.9726 )

[node name="cylinder_lamp19" parent="ToggleGroups/Group3/Lights_3/Cylinderlamps" instance=ExtResource( 9 )]
transform = Transform( 0.767154, 0, -0.641463, 0, 1, 0, 0.641463, 0, 0.767154, 119.939, 22.7171, -36.676 )

[node name="cylinder_lamp20" parent="ToggleGroups/Group3/Lights_3/Cylinderlamps" instance=ExtResource( 9 )]
transform = Transform( 0.767154, 0, -0.641463, 0, 1, 0, 0.641463, 0, 0.767154, 113.077, 16.9447, -41.8931 )

[node name="cylinder_lamp21" parent="ToggleGroups/Group3/Lights_3/Cylinderlamps" instance=ExtResource( 9 )]
transform = Transform( 0.767154, 0, -0.641463, 0, 1, 0, 0.641463, 0, 0.767154, 123.121, 18.3494, -31.2458 )

[node name="fairylights" type="Spatial" parent="ToggleGroups/Group3/Lights_3"]

[node name="fairylights_a_arch_big" parent="ToggleGroups/Group3/Lights_3/fairylights" instance=ExtResource( 30 )]
transform = Transform( 0.3, 0, 0, 0, 0.3, 0, 0, 0, 0.3, 88.9017, 22.5743, -59.4188 )

[node name="fairylights_a_arch_half" parent="ToggleGroups/Group3/Lights_3/fairylights" instance=ExtResource( 26 )]
transform = Transform( 0.3, 0, 0, 0, 0.3, 0, 0, 0, 0.3, 97.695, 22.5503, -59.9646 )

[node name="fairylights_a_arch_small" parent="ToggleGroups/Group3/Lights_3/fairylights" instance=ExtResource( 23 )]
transform = Transform( 0.3, 0, 0, 0, 0.3, 0, 0, 0, 0.3, 110.568, 10.2888, -56.4317 )

[node name="fairylights_a_hills" parent="ToggleGroups/Group3/Lights_3/fairylights" instance=ExtResource( 24 )]
transform = Transform( 0.3, 0, 0, 0, 0.3, 0, 0, 0, 0.3, 127.36, 8.82624, -43.7804 )

[node name="fairylights_a_single_long" parent="ToggleGroups/Group3/Lights_3/fairylights" instance=ExtResource( 25 )]
transform = Transform( 0.3, 0, 0, 0, 0.3, 0, 0, 0, 0.3, 93.3559, 22.5758, -60.3605 )

[node name="fairylights_a_single_medium" parent="ToggleGroups/Group3/Lights_3/fairylights" instance=ExtResource( 28 )]
